# Created by Octave 3.2.4, Fri Feb 06 18:10:46 2015 CET <chouffe@paul-VPCSB3C5E>
# name: ss
# type: matrix
# rows: 3
# columns: 3
 0.1472475198800532 -0.6712647136597316 -0.9861620061515266
 -0.4919201430901916 -0.5483592557565581 1.270282793091549
 -0.04746023419152731 -0.09412064574852108 0.9512562372361033
